216.684734052
68.7957639939
82.6124080298
211.827180622
196.59119157
89.9851588008
89.9851588008
89.9851588008
179.908016419
118.018491484
177.876002347
89.9851588008
53.9926979133
180.005937655
89.9851588008
90.009649405
180.005937655
89.9851588008
83.6572690061
89.9851588008
89.9851588008
119.59760668
89.9851588008
105.114854518
135.027837577
190.257831703
89.9851588008
141.498249708
119.080851064
179.908016419
89.9851588008
89.9851588008
179.908016419
89.9851588008
89.9851588008
179.908016419
180.005937655
53.9838846102
89.9851588008
89.9851588008
80.5794404944
89.9851588008
137.726962974
69.1409457199
208.620254616
89.9851588008
182.690704565
99.6362839614
180.005937655
89.9851588008
53.9926979133
180.005937655
219.561832337
195.429492345
216.826796996
205.636764457
182.589841397
174.313368471
219.853749924
216.969046341
205.764705882
67.9477026522
133.125480294
166.419030192
89.9851588008
148.087600749
100.7594516
180.005937655
89.9851588008
53.9926979133
179.908016419
180.005937655
134.862650602
134.862650602
135.082989863
180.005937655
134.972730308
179.908016419
180.793161714
180.103965543
134.862650602
89.9851588008
89.9851588008
90.009649405
89.9851588008
89.9851588008
89.9851588008
89.9851588008
53.9926979133
101.377177093
